1429
1473
303
564
375
346
1477
218
814
263
1389
607
478
1103
1414
786
1162
252
247
1423
1504
1486
534
949
655
1429
1473
303
564
375
346
1477
218
814
263
1389
607
478
1103
1414
786
1162
252
247
1423
1504
1486
534
949
655
1429
1473
303
564
375
346
1477
218
814
263
1389
607
478
1103
1414
786
1162
252
247
1423
1504
1486
534
949
655
1429
1473
303
564
375
346
1477
218
814
263
1389
607
478
1103
1414
786
1162
252
247
1423
1504
1486
534
949
655
1429
1473
303
564
375
346
1477
218
814
263
1389
607
478
1103
1414
786
1162
252
247
1423
1504
1486
534
949
655
1429
1473
303
564
375
346
1477
218
814
263
1389
607
478
1103
1414
786
1162
252
247
1423
1504
1486
534
949
655
1429
1473
303
564
375
346
1477
218
814
263
1389
607
478
1103
1414
786
1162
252
247
1423
1504
1486
534
949
655
1429
1473
303
564
375
346
1477
218
814
263
1389
607
478
1103
1414
786
1162
252
247
1423
1504
1486
534
949
655
1429
1473
303
564
375
346
1477
218
814
263
1389
607
478
1103
1414
786
1162
252
247
1423
1504
1486
534
949
655
1429
1473
303
564
375
346
1477
218
814
263
1389
607
478
1103
1414
786
1162
252
247
1423
1504
1486
534
949
655
1429
1473
303
564
375
346
1477
218
814
263
1389
607
478
1103
1414
786
1162
252
247
1423
1504
1486
534
949
655
1429
1473
303
564
375
346
1477
218
814
263
1389
607
478
1103
1414
786
1162
252
247
1423
1504
1486
534
949
655
1429
1473
303
564
375
346
1477
218
814
263
1389
607
478
1103
1414
786
1162
252
247
1423
1504
1486
534
949
655
1429
1473
303
564
375
346
1477
218
814
263
1389
607
478
1103
1414
786
1162
252
247
1423
1504
1486
534
949
655
1429
1473
303
564
375
346
1477
218
814
263
1389
607
478
1103
1414
786
1162
252
247
1423
1504
1486
534
949
655
1429
1473
303
564
375
346
1477
218
814
263
1389
607
478
1103
1414
786
1162
252
247
1423
1504
1486
534
949
655
1429
1473
303
564
375
346
1477
218
814
263
1389
607
478
1103
1414
786
1162
252
247
1423
1504
1486
534
949
655
1429
1473
303
564
375
346
1477
218
814
263
1389
607
478
1103
1414
786
1162
252
247
1423
1504
1486
534
949
655
1429
1473
303
564
375
346
1477
218
814
263
1389
607
478
1103
1414
786
1162
252
247
1423
1504
1486
534
949
655
1429
1473
303
564
375
346
1477
218
814
263
1389
607
478
1103
1414
786
1162
252
247
1423
1504
1486
534
949
655
1429
1473
303
564
375
346
1477
218
814
263
1389
607
478
1103
1414
786
1162
252
247
1423
1504
1486
534
949
655
1429
1473
303
564
375
346
1477
218
814
263
1389
607
478
1103
1414
786
1162
252
247
1423
1504
1486
534
949
655
1429
1473
303
564
375
346
1477
218
814
263
1389
607
478
1103
1414
786
1162
252
247
1423
1504
1486
534
949
655
1429
1473
303
564
375
346
1477
218
814
263
1389
607
478
1103
1414
786
1162
252
247
1423
1504
1486
534
949
655
1429
1473
303
564
375
346
1477
218
814
263
1389
607
478
1103
1414
786
1162
252
247
1423
1504
1486
534
949
655
1429
1473
303
564
375
346
1477
218
814
263
1389
607
478
1103
1414
786
1162
252
247
1423
1504
1486
534
949
655
1429
1473
303
564
375
346
1477
218
814
263
1389
607
478
1103
1414
786
1162
252
247
1423
1504
1486
534
949
655
1429
1473
303
564
375
346
1477
218
814
263
1389
607
478
1103
1414
786
1162
252
247
1423
1504
1486
534
949
655
1429
1473
303
564
375
346
1477
218
814
263
1389
607
478
1103
1414
786
1162
252
247
1423
1504
1486
534
949
655
1429
1473
303
564
375
346
1477
218
814
263
1389
607
478
1103
1414
786
1162
252
247
1423
1504
1486
534
949
655
1429
1473
303
564
375
346
1477
218
814
263
1389
607
478
1103
1414
786
1162
252
247
1423
1504
1486
534
949
655
1429
1473
303
564
375
346
1477
218
814
263
1389
607
478
1103
1414
786
1162
252
247
1423
1504
1486
534
949
655
1429
1473
303
564
375
346
1477
218
814
263
1389
607
478
1103
1414
786
1162
252
247
1423
1504
1486
534
949
655
1429
1473
303
564
375
346
1477
218
814
263
1389
607
478
1103
1414
786
1162
252
247
1423
1504
1486
534
949
655
1429
1473
303
564
375
346
1477
218
814
263
1389
607
478
1103
1414
786
1162
252
247
1423
1504
1486
534
949
655
1429
1473
303
564
375
346
1477
218
814
263
1389
607
478
1103
1414
786
1162
252
247
1423
1504
1486
534
949
655
1429
1473
303
564
375
346
1477
218
814
263
1389
607
478
1103
1414
786
1162
252
247
1423
1504
1486
534
949
655
1429
1473
303
564
375
346
1477
218
814
263
1389
607
478
1103
1414
786
1162
252
247
1423
1504
1486
534
949
655
1429
1473
303
564
375
346
1477
218
814
263
1389
607
478
1103
1414
786
1162
252
247
1423
1504
1486
534
949
655
1429
1473
303
564
375
346
1477
218
814
263
1389
607
478
1103
1414
786
1162
252
247
1423
1504
1486
534
949
655
